124
148
159
169
191
197
221
269
320
385
386
407
440
456
798
978
1082
1148
1175
1217
1443
1544
1642
1706
1731
1805
1816
1898
1926
1952
1998
2036
2060
2209
2237
2356
2363
2404
2457
2606
2617
2636
2734
2773
2783
2935
2952
2998
3098
3103
3113
3116
3122
3178
3330
3400
3437
3461
3527
3543
3551
3650
3725
3789
3821
3872
3882
3892
3937
4016
4185
4245
4354
4375
4524
4573
4615
4654
4685
4726
4768
4771
4799
4835
4845
4872
4947
4993
5011
5035
5039
5146
5222
5355
5361
5409
5438
5467
5605
5653
5688
5701
5746
5810
5814
5825
5907
6011
6055
6072
6381
6385
6387
6393
6418
6435
6501
6522
6588
6646
6727
6731
6733
6738
6821
6827
6829
6833
6838
6947
6950
6986
7001
7013
7084
7127
7133
7182
7231
7255
7328
7353
7357
7461
7550
7584
7618
7747
7853
8010
8089
8176
8399
8435
8483
8535
8694
8723
8727
8810
8811
8940
8944
8985
9061
9062
9070
9077
9122
9297
9315
